4762
4763
4764
4765
4766
4767
4768
74555
112026
112027
112028
112029
112030
112032
112078
112079
112081
112082
112083
112087
112088
112089
120396
120397
120401
281403
286561
481581
558704
683805
157081
285429
683806
683807
683808
683809
683810
683811
683812
683813
683814
683815
683816
683817
683818
683819
683820
683821
1126678
1273200
1273201
1498505
1498506
1498507
1498508
1498509
1498510
1547590
2039707
2137009
2137010
2137011
2203297
2305847
3031134
3036258
3036259
3036260
3036261
3036262
3082903
944587
946379
1202772
1202773
1618016
1618017
1628357
1729143
1729144
2875799
2875800
4769
4770
37553
1612439
101203
695850
983306
112098
1156394
120415
120416
120417
120418
120419
120420
120421
227376
228916
230109
230111
281400
281401
281402
327753
334524
334525
334526
334527
334528
334529
362222
370328
372087
112438
112439
230110
285431
372164
372165
372166
372167
372168
372169
372170
372171
372172
372173
372174
372175
372176
372177
372178
372179
372180
372181
372182
372183
372184
372185
372186
372187
372188
372189
372190
372191
372192
372193
372194
372195
372196
372197
372198
372199
372200
372201
372202
372203
372204
372205
372206
372207
372208
372209
372210
372211
372212
372213
372214
372215
372216
372217
372218
372219
372220
372221
372222
372223
372224
372225
372226
393596
416223
417345
433353
433354
433355
434925
434926
463009
470715
481583
481584
481585
481586
481587
481588
481589
481590
481591
481592
481593
481594
481595
481596
482745
482749
482751
482753
482754
482757
482759
482760
482761
482762
482763
482764
488387
488388
492096
492097
501486
507571
510687
510688
510689
621211
621212
621213
631440
632166
635125
635126
637499
637500
637501
637502
653773
683828
683829
708040
904467
926064
929501
929502
929503
929504
946370
983704
984975
1126677
1202104
1247367
1247368
1247369
1247370
1269256
1273191
1273192
1273193
1273194
1273195
1273196
1273197
1273198
1273199
1402215
1445011
1454042
1503225
1532567
1532568
1532569
1532570
1532571
1532572
1532573
1532574
1532575
1532576
1532577
1532578
1532579
1532580
1532581
1532582
1532583
1532584
1532585
1532586
1532587
1532588
1532589
1532590
1532591
1532592
1532593
1532594
1532595
1532596
1532597
1532598
1532599
1532600
1532601
1532602
1532603
1532604
1532605
1532606
1532607
1532608
1532609
1532610
1532611
1532612
1532613
1532614
1532615
1532616
1532617
1532618
1532619
1532620
1532621
1532622
1532623
1532624
1532625
1532626
1532627
1532628
1532629
1532630
1532631
1532632
1532633
1532634
1532635
1532636
1532637
1532638
1532639
1532640
1532641
1532642
1532643
1532644
1532645
1532646
1532647
1532648
1532649
1532650
1532651
1532652
1532653
1532654
1532655
1532656
1532657
1532658
1532659
1532660
1532661
1532662
1532663
1532664
1532665
1532666
1532667
1532668
1532669
1532670
1532671
1532672
1532673
1532674
1532675
1532676
1532677
1532678
1532679
1532680
1532681
1532682
1532683
1532684
1532685
1532686
1532687
1532688
1532689
1532690
1532691
1532692
1532693
1532694
1541757
1546192
1546193
1546194
1547591
1633573
1633574
1633830
1633831
1862976
2136993
2136994
2136995
2136996
2136997
2136998
2136999
2137000
2137001
2137002
2137003
2137004
2137005
2137006
2137007
2137008
2662415
2662416
3109988
944640
944641
944642
1686789
1686790
1729208
1873451
2268959
2681168
2681169
3134813
74556
74557
944643
2677830
515322
74559
74560
120407
1729145
2649097
120571
135850
135851
285430
1266951
2202004
2202005
2202006
2202007
2202008
2202009
2202010
2202011
2306272
2306273
2306274
2306275
2306276
2306277
2507044
92968
92969
334530
334531
1618014
1729207
2621838
2306943
92971
92972
92975
92976
92984
1729146
2639170
92985
135852
135853
170620
370329
463007
482632
621210
683824
683825
683826
946367
983690
1049198
1203047
1266952
1450233
1503226
1532566
1547593
1618018
2136986
2136987
2136988
2136989
2136990
2136991
2136992
3031135
100860
100861
253174
112090
112091
112092
120398
135856
157072
170619
253176
281399
289317
601994
683823
120501
157079
157080
168136
253177
286560
399382
402609
402610
434927
470320
584792
637496
637497
637498
683822
692225
692226
692227
692228
692229
692230
692231
692232
692233
692234
692235
692236
692237
692238
692239
692240
692241
692242
692243
692244
692245
692246
692247
692272
884615
946366
1049197
1217863
1358716
1982524
2733688
763862
935871
942735
1125843
1617996
2174906
2518591
2525538
3028233
3046186
3072560
100862
100863
1980705
112093
112094
120402
309403
944588
944594
944595
944596
1579205
1631803
2636610
2305848
120399
120400
1618019
120403
120404
120422
120423
134688
134689
371951
371952
371955
371956
2624520
515321
513316
513317
513318
513319
1026988
1617997
1897512
2809058
1432540
1432543
1495611
1495612
1495613
1618012
112031
1618013
1618020
2692335
2692336
2875801
2876151
2876152
1729147
1729148
2601224
2601223
2601228
2601237
2601240
2601241
2601242
3126143
3126144
3126145
3126146
941455
941456
1082714
1595895
1868480
2082082
2082083
2108321
1358717
1358718
1358719
1358720
2876150
4776
4777
4778
4779
461275
502111
502112
502113
502114
913194
913195
913196
913197
1484098
1484099
1484100
1697568
447326
447327
447328
447329
447330
913854
913855
913856
913857
913858
913859
913862
1628162
1697569
2562512
2507514
2562513
4780
4781
143451
162136
162137
162138
162139
162140
162141
222716
235575
235576
235577
235579
235580
235581
235582
235584
235585
235586
240424
338422
343460
343461
369779
436701
438833
461279
562958
1089797
1196443
1344363
1463539
1564265
1825568
2019373
2019374
2575762
2640225
562961
562962
562963
562964
562965
562966
1344369
1458840
2811085
2770502
2770503
3043757
3049141
4783
4784
763924
4785
134458
622258
1048749
708041
4786
2651249
4787
403677
887080
887081
4788
4792
761204
1317063
1317064
1317065
1317066
4793
388631
4794
1490529
4795
4796
29920
658427
53983
53984
53985
53986
53987
54510
54511
67591
67592
67593
1094619
67594
67595
246205
2501433
78236
78237
89334
89335
100870
109152
111171
657394
120023
127442
127443
129347
129348
129349
129350
129351
129352
129353
129354
129355
1249586
1249587
1254522
129356
451108
129357
129358
887082
129359
129360
129361
129362
129364
132615
134455
134457
137729
164328
174576
175300
180900
180901
180902
187813
192975
211524
89336
129366
134456
135245
244163
244165
244166
244168
244169
244170
244171
244172
244173
283008
283010
297340
300240
300241
300242
302027
321825
324709
324710
324711
324712
324713
324714
324715
324716
324717
324746
326095
326096
326097
326098
328553
328554
328555
328556
328557
328558
328559
332200
362705
382729
382730
398757
399415
399474
399475
399476
399477
399478
399479
399480
399481
399482
399483
399484
399485
399486
399487
399488
399489
399490
399491
399492
399493
410070
410860
411106
412151
415739
415740
417335
417336
417337
417338
417339
417340
417825
417826
419135
429744
431833
431834
431835
434492
434493
437581
437582
443219
455088
455158
457353
457354
459871
459872
459873
459874
459875
459876
459877
459878
459879
459880
459881
467781
467782
467783
467784
467785
467787
467788
467789
467790
467791
467792
467793
467794
467795
468620
468621
468622
475626
479473
479888
479889
479890
479891
479892
479953
479954
479955
480032
480033
488863
488865
491012
503243
503244
503245
503246
503247
503248
508680
510498
516998
518826
518827
518828
519076
519079
519080
524365
524366
524367
524368
524369
524370
524371
524372
524373
524374
524375
524376
524377
524378
524379
540037
540038
544548
552432
552433
552434
552435
554913
577270
577271
577272
577273
611796
631356
631357
637538
638629
638644
674463
674464
674465
684893
684894
707997
707998
707999
708000
708002
708003
708004
708005
708006
708007
708009
747250
747252
747254
747255
747256
759900
766754
859640
864825
864826
864827
880410
885261
889394
889395
907250
907715
907943
907945
908142
908144
910611
912656
980185
980186
980187
980188
980189
980190
980191
980192
980618
980619
980620
980621
980622
980623
980624
980625
980630
981404
981427
981428
983692
1002673
1002674
1002675
1002676
1002677
1002678
1002679
1030115
1030116
1030117
1048935
1055752
1088697
1100812
1125983
1125996
1125997
1125998
1141941
1190584
1194187
1194341
1194342
1197711
1215926
1215927
1215928
1215929
1215930
1215931
1215932
1215933
1215934
1215935
1215936
1215937
1215938
1215939
1215940
1215941
1215942
1215943
1215944
1215945
1215946
1215947
1215948
1215949
1215950
1215951
1215952
1215953
1215954
1215955
1215956
1215957
1215958
1215959
1215960
1215961
1215962
1215963
1215964
1215965
1215966
1215967
1215968
1215969
1215970
1215971
1215972
1215973
1215974
1215975
1215976
1216509
1216511
1216629
1216630
1216631
1218934
1218946
1222020
1222021
1222022
1222023
1227510
1231976
1231977
1235424
1235425
1245828
1266055
1268265
1268266
1268267
1268268
1283836
1320218
1320219
1322367
1322368
1322369
1322370
1322371
1322372
1322373
1322374
1322375
1322376
1322377
1322378
1322379
1322380
1322381
1322382
1322383
1322384
1322385
1322386
1322387
1329263
1329264
1329266
1329267
1329268
1346087
1358711
1387894
1404344
1407014
1417922
1417923
1417924
1434786
1434787
1434788
1434789
1434790
1434792
1434793
1446065
1446066
1446067
1446882
1458904
1458905
1458906
1458907
1473563
1473564
1473565
1485171
1487765
1487766
1487767
1487768
1487769
1487770
1487771
1507810
1527294
1527295
1527296
1527297
1547642
1565087
1571765
1571766
1571770
1582015
1593255
1604233
1689812
1698793
1704122
1704124
1706396
1706397
1706398
1706399
1706400
1706401
1706402
1706403
1706404
1706405
1706406
1706407
1706408
1706409
1706410
1706411
1706412
1706413
1706414
1706415
1706416
1706417
1706418
1706419
1706420
1706421
1706422
1706423
1706424
1706425
1706426
1706427
1706428
1706429
1706430
1708770
1708771
1763598
1798167
1805864
1805865
1805866
1805867
1805868
1805869
1805870
1805871
1805872
1805873
1805874
1805875
1805876
1805877
1805878
1805879
1805880
1805881
1805882
1805883
1805884
1805885
1805886
1805887
1805888
1806948
1861848
1861849
1861850
1861851
1861852
1861853
1861854
1861855
1861856
1868015
1868016
1871600
1889812
2022663
2022871
2022872
2022873
2022874
2022875
2022876
2022877
2022878
2022879
2022880
2022881
2022882
2022883
2022884
2022885
2022886
2022887
2022888
2022889
2022890
2060693
2060695
2064828
2065309
2065310
2116650
2126261
2153465
2153495
2249429
2559589
2610823
2651250
2651251
2651255
2651256
2651260
2651261
2651264
2651265
2651266
2651267
2651271
2691821
2691822
2691824
2692153
2692154
2692155
2692156
2726992
2743405
2743406
2749262
2749264
2750334
2763413
2770906
2770907
2770908
2793315
2796157
2805667
2810773
2810774
2810775
2810776
2810777
2817067
2817068
2822403
2822404
2823662
2911079
2911080
2912275
2929589
2995356
2998199
3043100
3044284
3073785
3243754
3297554
3297555
3297556
3297557
3297558
3297560
3297561
3297562
3297563
3297565
3297566
3297567
3297568
3297569
3366942
3375940
3375941
3375942
3375943
3375944
221518
239968
244122
244167
283007
459884
283009
451109
295481
299391
299392
299393
299394
324745
325452
1284355
1284356
1284357
359324
360399
360400
374175
376151
376158
415976
436079
445396
445398
459882
459883
538568
540036
544909
555429
565057
565287
565288
572926
572927
572928
572929
581215
596104
611798
631358
631361
631433
638948
639000
658425
658426
669489
707995
707996
880411
880412
880414
905063
905064
907744
907745
907748
909764
911891
928215
929565
929574
944600
944601
944609
977741
977911
1034759
1049225
1049592
1087851
1087852
1087853
1087854
1087855
1087856
1087857
1087858
1087859
1087860
1087861
1087862
1087863
1104319
1131323
1185511
1185512
1190534
1196597
1197709
1197710
1214257
1214258
1216510
1216624
1216625
1216626
1218935
1218936
1218937
1218938
1218939
1218940
1218942
1218943
1218944
1218945
1218947
1241941
1273180
1286608
1286650
1306403
1320215
1320216
1320217
1330343
1334606
1380738
1385620
1385621
1396423
1401295
1401296
1464076
1477121
1486344
1490495
1499098
1525714
1529059
1567491
1577959
1582016
1642459
1642464
1642465
1690101
1692154
1696062
1696985
1704119
1704120
1704121
1704123
1704125
1704126
1704127
1704128
1704130
1737462
1747825
1771325
1771973
1785729
1806582
1821206
1833877
1857252
1857766
1861846
1861847
1861857
1861858
1861859
1861860
1862603
1862604
1880901
1913598
1985165
1985166
1985167
1985168
2017134
2017135
2017136
2017137
2017138
2017139
2017140
2017141
2017142
2017143
2017144
2023236
2054050
2054051
2054052
2054053
2054054
2056922
2064827
2065305
2065306
2065307
2067969
2077275
2077276
2107226
2126262
2126263
2153462
2153463
2305843
2305844
2488101
2496075
2575701
2579937
2606568
2651252
2651253
2651254
2651258
2651262
2651263
2651268
2651269
2651270
2651289
2651290
2651291
2651292
2675548
2675888
2678298
2691624
2691625
2691626
2691627
2691628
2691818
2691819
2691820
2691823
2691825
2691827
2691828
2691829
2691830
2691831
2691832
2714593
2719893
2719985
2742166
2749266
2755056
2759522
2792423
2792424
2801445
2802040
2802041
2805668
2811959
2822405
2822406
2822408
2823906
2843339
2843340
2849776
2860123
2866776
2866777
2866778
2867952
2897317
2925143
2925144
2925145
2925146
2925147
2925148
2925149
2925150
2925151
2925152
2925153
2926383
3018682
3044185
3070859
3073752
3073753
3073754
3073755
3073756
3073757
3073758
3073759
3073760
3073761
3073762
3073763
3073764
3073765
3073766
3073767
3073768
3073769
3073770
3073771
3073772
3073773
3073774
3073775
3073776
3073777
3073778
3073779
3073780
3073781
3073782
3073783
3073784
3073786
3073787
3073788
3073789
3073790
3073791
3073792
3073794
3080800
3095701
3110965
3126754
3136287
3230422
3230423
3230424
3297559
3297564
3341757
3400162
3400163
70742
70743
86334
86335
102135
102136
2716693
115718
120412
120572
134698
481876
546261
1348162
162094
162095
162096
162097
162098
162099
162100
162101
162102
162103
230366
162104
162105
162106
162107
162108
162109
162110
162111
162112
162113
162114
162115
162116
162117
162118
184466
210167
230362
230363
230364
230365
230368
230369
230370
230371
230372
230373
230374
230379
230421
230422
230423
230424
230425
230426
230427
230428
230429
230430
230431
230432
230433
230434
230435
230436
230438
230439
230440
230441
230442
230443
230444
230445
230446
230447
230448
230449
240414
240418
291619
291620
337960
337961
376156
304778
304779
304781
304782
311217
311218
311219
311224
315265
337957
337958
369826
376157
381967
383386
383387
383388
383389
383390
383391
383392
383393
383394
383395
383396
386775
386776
386777
386778
386779
386780
386781
386782
386783
386784
386785
386786
386787
386788
386789
386790
386791
405749
405949
405950
405951
417820
417821
417822
417823
417824
425772
425773
425774
425775
425776
425777
425778
425779
425780
425781
425782
425783
425784
425785
425786
435244
435245
435246
435247
435248
435249
435250
435251
435252
435253
435254
466188
466189
544870
569193
587446
622442
658597
668775
668776
668777
668778
668779
668780
668781
668782
668783
668784
668785
668786
668787
668788
668789
668790
668791
668792
668793
668794
668795
668796
668797
668798
668799
668800
668801
1129773
1311513
1348161
1473752
1491443
1632286
1632297
1632298
1632299
1632300
1632301
1632302
1632303
1632304
1632305
1632306
1632307
1632308
1632309
1632310
1632311
1632312
1632313
1632314
1632315
1632316
1632317
1632318
1632319
1632320
1632321
1632322
1632323
1632324
1697481
1712660
1817409
1982665
2713658
434349
434350
434351
434352
434353
434355
434356
434360
434361
507576
542832
598569
622444
658183
680264
749328
1099854
1151129
1234955
1287862
1320378
1484102
1484356
1484358
1484359
1484360
1484361
1484362
1484363
1484364
1484365
1484366
1484367
1484368
1484369
1484371
1484372
1484373
1484374
1484375
1484376
1484377
1484378
1484379
1484380
1484381
1484382
1484383
1484384
1484385
1484386
1484387
1484431
1484475
1484476
1484477
1484478
1484480
1484481
1484482
1484483
1484484
1484485
1491441
1491442
1632325
1632326
1632327
1679947
1761981
1762014
1855969
1869342
1910894
1945754
2028483
2028485
2057904
2057905
2057906
2126764
2583025
2603534
2741113
2746716
2750911
2750912
2761362
2770501
2789430
2811941
2811942
2841982
2874970
2930319
2930936
2996510
3053312
3056837
3056838
3056839
3059103
3059104
3059105
3235038
3235039
3235040
3235041
3235042
3235043
3235044
3359541
143452
143453
162119
162120
291622
291623
1000571
1000572
1000573
1000574
1000575
1000576
1000577
1000578
1000579
1000580
1000581
1000582
1000583
1000584
2169586
162127
162128
1632271
2647578
1632272
1632273
1632274
1632275
1632276
2306489
162129
162130
2878102
2878103
162131
162132
461278
502252
184462
162122
162123
162124
162125
3373373
184463
230375
230378
230450
230451
230452
240413
240415
240417
240425
272952
559515
272953
272956
272957
272958
272962
272963
272965
272967
272970
272973
453155
123356
376765
376766
230376
230455
272959
272960
272964
272969
660914
660915
697875
697890
714891
714893
714894
858704
1344364
1344365
1344366
1344368
2057907
2057908
2057909
2126763
2639073
749329
1168480
1935391
3373372
3402462
2713659
3056840
184464
184465
2633765
2028484
230838
230839
467161
467162
467163
886948
886949
1081074
1081075
1081076
1891364
1891365
2624089
467166
1081077
1487174
1697482
2879807
2925230
2925231
2925232
2925236
2925237
2925238
2925240
3090892
244731
244732
335372
335373
369777
369778
369781
162142
369782
371029
369783
369784
461276
461277
467175
467176
2642049
2013512
555945
555946
1844885
2850714
1009718
1009719
2925234
2925235
1779447
1697476
1697477
2925233
3158412
3158413
2015754
2015753
2172127
2249409
2249410
2601235
2601236
2601238
2025987
2025988
2025989
2025990
2025991
2025992
2025993
2677714
2483409
2749263
2749265
2853999
2998197
2998198
3041418
2796155
2796156
2050023
1971756
1971757
455411
455412
983657
983658
758748
758750
758754
758755
980346
983659
983660
983661
2630585
983662
983663
983664
2811289
2943178
1697475
102137
2249445
2182423
2182427
2182428
2494379
2494380
2494383
2494381
2494382
416808
1686415
2020009
2020010
2047754
2487436
2494385
2776185
1972064
2020011
3081156
2803945
2950442
3080051
4800
4801
4802
4803
1440116
135481
884619
1243776
1441741
1884448
2627965
884617
884618
884620
884621
884622
884623
884624
884625
943233
1176157
1176158
1176159
1176160
1243777
1243779
1244139
1440157
1441742
1441743
1470262
1484556
1489786
1489787
1702230
1702233
1702234
1702235
2358452
2487435
2699230
1702222
134690
135480
135484
1702223
2489175
2489176
2785071
135471
135472
135473
135474
2617733
278112
413847
413848
414967
414968
414969
1798950
1846162
135475
135477
135478
135479
413850
413851
2829233
2829234
414534
3062586
414971
413849
2909612
2909613
650118
650119
1074197
1074198
2601225
858388
858389
2601233
2041418
1440114
1440115
2517218
2639136
1441771
1441772
1940654
2093902
2202155
2813897
2813898
92979
2489177
2489178
2588610
2601227
2601226
92980
92981
100864
134686
2909660
2909661
100865
100866
1672053
1672054
2793140
2793141
2815746
2584052
2874106
2666504
2957608
2957609
2957610
94120
94121
883063
1573763
1642528
1709380
1904402
2038151
100871
100872
100873
100874
2911711
2911712
3036393
3036394
3387215
3387216
120408
120409
120410
120411
121069
4782
4797
4798
4799
41045
49446
107466
65069
65070
1223555
82932
1223556
82934
82935
82936
82937
82938
82941
82945
82946
82949
82951
82953
83917
88834
92964
110438
112097
114742
135483
140044
140045
140047
140048
147703
156628
156629
162088
166937
172234
216130
228096
82955
83918
120573
162089
162090
228097
235445
235446
235447
235448
254942
255164
255167
255168
255169
255170
273300
273301
286475
286477
286479
287896
289424
291792
315353
323410
330889
338424
344599
347284
347286
347287
347288
347289
347290
347291
347292
347293
347294
347295
347296
347297
347298
347299
347300
347301
347302
347303
347823
347824
347825
347826
347827
347828
347829
347830
347831
347832
347833
349317
349318
349319
349320
349322
349323
349324
349985
349986
349987
349988
350600
350616
350617
350618
350619
352268
352271
352272
352829
352830
353634
353635
354130
354131
354132
354744
369351
369825
373629
376152
376153
376154
376155
378252
381960
381961
381962
387099
387100
387101
387102
387263
387436
394619
394620
394621
394622
394623
394711
394712
394713
394714
401379
401381
402602
402603
402604
402605
402606
402607
402608
403825
411258
411259
411260
416215
416216
416217
416218
416219
416220
416221
416547
416548
416549
416550
416551
416552
417341
417342
417343
417344
417827
421884
422210
422211
422212
422213
428695
439464
439807
444502
444503
444504
444505
444506
444507
446563
446564
446565
455089
455159
455356
455357
458389
458390
458391
458392
458393
458394
458395
458396
458397
458398
458399
458400
458401
458402
458403
458404
458405
458406
458407
458408
458409
458410
458411
458412
458413
458414
458415
461878
461879
461880
470318
470319
471156
475607
480029
480030
482705
482722
482723
482738
482739
490915
492061
502323
510390
510391
510686
512091
512330
528135
540768
540769
542652
542653
552436
553974
554914
559848
572053
572054
572055
572056
572057
572058
572059
572060
572061
572062
572063
572064
572065
572066
572067
572068
572069
572070
572071
572072
572073
572074
572076
572077
572078
572079
572080
572081
572082
572083
572084
572085
572086
572087
572088
572089
572090
576717
631436
631437
631439
640322
643145
643146
643147
643148
643149
643150
643151
643152
643153
643154
643155
643156
643157
643158
645453
645454
645455
645456
645457
645458
645459
645460
645461
682330
682832
682833
682834
683827
702469
706571
708012
708013
708014
708015
708016
708017
708018
708019
708020
708021
708022
708023
708024
708025
708026
708027
708028
708029
708030
708031
708032
708033
708034
708035
708036
708037
708038
708039
713106
747257
756885
756886
767159
767160
858365
888549
907948
911925
911926
911927
911928
911929
911930
942182
942183
946204
946375
946376
946377
947153
947341
983702
983703
1029593
1029594
1049189
1049190
1049191
1070317
1070318
1075218
1118861
1118862
1118863
1118864
1118865
1118866
1118867
1118868
1118869
1118870
1118871
1118872
1118873
1118874
1118875
1118876
1118877
1118878
1118879
1118880
1118881
1118882
1118883
1118884
1118885
1118886
1118887
1118888
1118889
1194441
1200954
1200955
1202474
1202475
1202476
1216623
1216627
1222025
1222026
1222027
1222028
1231630
1231631
1231632
1231633
1231634
1231635
1249688
1273698
1358714
1358715
1380025
1383453
1420584
1420585
1421716
1432261
1432262
1432263
1432264
1432265
1432266
1432267
1432268
1432269
1432270
1432271
1432272
1432273
1448066
1448067
1448069
1484555
1524452
1525374
1525375
1547592
1578581
1578582
1578583
1588905
1602931
1617306
1678641
1678642
1695208
1695209
1695210
1695211
1695212
1695213
1729142
1735753
1760867
1763599
1763600
1771317
1771318
1771319
1771320
1771321
1792280
1805850
1805851
1805852
1805853
1805854
1805855
1805856
1805857
1805858
1805859
1805860
1805861
1847781
1852271
1852272
1862977
1891640
1891641
1891642
1938516
1972065
1972066
1972067
2487002
2487005
2487006
2487437
2610824
2610825
2610826
2610827
2610828
2610829
2610830
2610831
2610832
2610833
2610834
2610835
2610836
2610837
2691817
2726696
2726697
2726698
2726699
2741729
2772402
2772403
2772404
2772405
2773627
2891597
2891598
2905208
2905209
2905210
2905211
2905212
2905213
2905214
2926807
2944855
2944856
2951979
2951980
2998202
2998203
2998204
3036273
3036274
3036275
3036276
3036277
3036278
3036279
3045364
3045365
3045366
3045367
3080049
3118392
3152161
3152162
3152163
3152164
3152165
3152166
3345161
3345162
289596
289597
289598
289599
289600
289601
289602
289612
289613
289614
289615
289616
289617
289618
289619
289620
289626
299625
319040
349325
369823
429562
475204
490914
596297
610363
658966
944611
944618
944619
944620
944621
944622
944623
944625
944627
944628
944629
944634
944636
944637
944638
1077222
1077223
1278159
1391457
1448060
1588901
1588902
1588903
1588904
1632285
1771326
1771327
1771328
1882210
1938515
1938517
1938518
2044931
2056924
2108448
2175193
2506486
2509893
2603265
2691826
2911393
2946837
3230268
127445
289610
707993
743708
758751
758752
758753
758758
758760
944602
1446881
1542445
1542446
1980704
2645035
758762
759903
760138
760139
760140
760141
980194
980195
980196
983655
983656
1126000
1126001
1234294
1234295
1234296
1234297
1234298
1234299
1234300
1234301
1234302
1234303
1234304
1234305
1234306
1234307
1234308
1234309
1452753
1452754
1452755
1484560
1844468
1904033
1980703
2874362
2874571
2929588
2874298
2874299
2874300
2874301
2874302
2874303
2874304
2874305
421926
2648734
421928
637503
637504
637505
2017541
3033745
795339
82933
126844
126845
126846
214887
220750
221743
340183
546104
707994
795340
907947
1223560
944610
946373
1049196
1130067
1130069
1130980
1334604
1334605
1500418
289609
946374
983699
993381
1334601
1334602
1334603
1358712
1448062
1448063
1503440
1547594
1663342
1763597
1771314
1771315
1771316
1897510
1938505
2017132
2036925
2691813
2691814
2726694
2726695
2998200
2998201
3043751
3152159
3152160
3297570
3297571
3297572
3297573
3297574
3297575
3375945
3375946
1525376
1602131
1602133
2014980
2014981
2017131
2292440
2699229
3080034
3080035
3080036
3080037
3080038
3080039
3080040
3080041
3080042
3080043
3080044
3080045
3080046
3080047
3080048
3158157
1097168
2601229
2601234
1448050
104971
127444
141266
289606
289607
643143
1792279
2603268
2691629
2691630
3152158
3297553
1448052
36331
1223557
82926
82940
82942
82950
82952
105151
105152
105153
114966
115417
1223558
115418
115419
115420
121062
140046
147702
147704
147705
147706
166938
173901
182683
182783
186163
189821
190219
192020
196599
209243
222890
228342
228749
231958
241406
255163
255165
255166
289603
289604
289605
289621
289622
289623
289624
289625
290088
295491
373630
529119
610364
643144
657220
657222
944624
944626
944635
946380
1027885
1077224
1077225
1200956
1201160
1201161
1277646
1277647
1448053
1450477
1489738
1489740
1489741
1629122
1632203
1792277
1792278
1903600
1903601
1903602
1935936
1955676
2044929
2044930
2052682
115421
1223559
431595
695756
2052683
2056925
2125992
2125994
2125995
2125998
2487003
2487004
2603266
2603267
2648489
1452752
1485010
2125993
2711124
2864849
2864850
2864851
2864852
2864853
2891650
2891651
2977933
2993136
3053397
2708265
2711120
2711122
2711123
2736613
2945609
3051130
1635158
1635159
2636810
2017540
1862710
980197
980198
1861792
2649670
2051935
282456
205931
282496
2108092
2601239
944612
944615
944616
1217585
1217586
1217587
1217588
1217589
1217590
1217591
1217592
1217593
2644864
1437524
1897522
2017542
2017543
159314
159315
159316
159317
2909658
2909659
2829231
2829232
442668
442664
135482
442665
485441
485442
1484486
1702225
1702226
1702227
2645290
485446
1279233
2909662
485443
1190596
1702224
2639557
485444
2829235
2489180
2489181
243299
179533
309351
315751
2588611
370421
65355
65356
65357
911350
1204551
1204552
1204555
1204556
226325
295094
323840
323849
330677
330678
330679
468623
468624
643578
653948
890382
904126
682055
864584
913021
913022
913023
913886
934033
1631665
2203415
2306945
2684997
468625
468626
496858
496859
496860
496861
887151
914078
914079
914080
914081
934032
1154630
1154631
1154632
1154633
1154634
1154635
1154636
1154637
1154638
1154639
1154640
1154641
1154642
1154643
1484563
2712086
2712087
2822520
2770500
2780433
572136
330680
572137
642601
642602
642603
2712084
2712085
2904028
572138
572139
642600
913185
1005363
1471603
1909805
2069634
2069635
2634982
914083
914084
914085
914086
914087
914088
914089
914090
914091
914092
914093
914094
914095
914096
914097
914098
914099
914100
914101
914102
914103
914104
914105
914106
914107
914108
914109
914110
914111
914112
914113
914114
914115
914116
1499989
2836810
2249407
2249408
2249411
2249412
416805
416806
416807
1638924
2494378
2546172
2635489
476099
2909657
2814024
2814025
1663097
1663098
1663099
1663100
1926936
2038152
377433
377434
505981
2628550
377435
377436
377437
485445
505982
505983
505984
1631664
1702228
1702229
1702231
2873698
1489790
1489788
1489789
2939618
2939620
2939621
2939622
2601231
2601232
1682048
1682049
2203425
2203426
2203427
2492455
2812885
2815209
2998111
3133133
2681694
2681695
2203424
2358464
2681712
2681713
2681715
2730044
3403507
3403508
3403509
3062171

